image numbers
10
intrinsic matrix
[[3.20303665e+03 0.00000000e+00 1.99775347e+03]
 [0.00000000e+00 3.19858096e+03 1.46484881e+03]
 [0.00000000e+00 0.00000000e+00 1.00000000e+00]]
translation vectors:
[array([[-3.41478209],
       [-2.60812343],
       [11.38751088]]), array([[-2.9358638 ],
       [-3.84571642],
       [13.01418095]]), array([[ 0.39876185],
       [-5.72821192],
       [15.12706137]]), array([[ 4.24301774],
       [ 0.21425393],
       [10.08323646]]), array([[1.17166115],
       [0.3219482 ],
       [7.74872397]]), array([[-0.85825769],
       [ 0.12065306],
       [ 9.44370882]]), array([[-1.50879869],
       [-0.12966922],
       [13.33339944]]), array([[-3.45015185],
       [-2.91044827],
       [11.95293761]]), array([[ 1.30218878],
       [ 0.58386847],
       [13.28777875]]), array([[-3.00752076],
       [-3.65227931],
       [15.57383608]])]
rotation vectors:
[array([[-0.89468852],
       [-0.11920147],
       [-0.19065455]]), array([[-0.91037026],
       [ 0.1452807 ],
       [ 0.31910608]]), array([[-0.75980364],
       [ 0.44767596],
       [ 1.12365478]]), array([[-0.31351341],
       [ 1.14356203],
       [ 2.67172015]]), array([[-0.27951055],
       [-1.00941677],
       [-2.46069506]]), array([[-0.79194258],
       [-0.4991969 ],
       [-1.26808743]]), array([[-0.32281238],
       [-0.14322675],
       [-1.03305282]]), array([[0.02296221],
       [0.18628986],
       [0.1459465 ]]), array([[-0.14430821],
       [-0.71477216],
       [-2.81073451]]), array([[-0.44684013],
       [-0.02619183],
       [ 0.04234842]])]
rotation matrixs:
[array([[ 0.9764636 ,  0.21438827, -0.02359056],
       [-0.11509212,  0.61043559,  0.78365949],
       [ 0.18240792, -0.76249987,  0.62074253]]), array([[ 0.9432553 , -0.33189329, -0.01078324],
       [ 0.20979626,  0.57045028,  0.79408564],
       [-0.2574004 , -0.75128777,  0.60771023]]), array([[ 0.38471096, -0.92174518, -0.04881899],
       [ 0.63563989,  0.22620601,  0.73810078],
       [-0.66929769, -0.31498676,  0.67292194]]), array([[-0.95347631, -0.28110772, -0.10890995],
       [ 0.11525904, -0.67373812,  0.72992623],
       [-0.27856468,  0.68341451,  0.67479354]]), array([[-0.87213076,  0.48912548,  0.01200833],
       [-0.33978643, -0.6231475 ,  0.70443763],
       [ 0.35204135,  0.61028146,  0.7096643 ]]), array([[ 0.24840094,  0.96449493,  0.08970235],
       [-0.64452217,  0.0954398 ,  0.75860558],
       [ 0.72311006, -0.24625349,  0.64534569]]), array([[ 0.50806224,  0.8606331 ,  0.03440087],
       [-0.81881151,  0.47021012,  0.3293177 ],
       [ 0.26724608, -0.19548172,  0.9435923 ]]), array([[ 0.97212952, -0.14244652,  0.18620736],
       [ 0.14670404,  0.9891375 , -0.00921622],
       [-0.18287186,  0.03627673,  0.98246724]]), array([[-0.96698617,  0.2521479 ,  0.03686721],
       [-0.20390474, -0.85237971,  0.48153056],
       [ 0.15284178,  0.45811599,  0.87565354]]), array([[ 0.99878104, -0.03518215, -0.03462146],
       [ 0.04668988,  0.9009557 ,  0.43139179],
       [ 0.01601511, -0.43248241,  0.90150013]])]
distortion coefficient:
[[-4.50937457e-02  4.31848439e-01 -7.84271236e-04  9.31733939e-04
  -1.08329853e+00]]