image numbers
21
intrinsic matrix
[[2.86559919e+03 0.00000000e+00 1.26530922e+03]
 [0.00000000e+00 2.85777837e+03 9.79884879e+02]
 [0.00000000e+00 0.00000000e+00 1.00000000e+00]]
translation vectors:
[array([[ 5.49543523],
       [ 3.63260686],
       [24.62683216]]), array([[ 5.27152491],
       [ 3.71683825],
       [26.80660422]]), array([[ 5.04020027],
       [ 3.71560319],
       [26.77702378]]), array([[ 4.16218338],
       [ 3.70458889],
       [26.19242981]]), array([[ 3.55223844],
       [ 3.66876459],
       [25.10939607]]), array([[ 2.35572699],
       [ 3.67086258],
       [24.96381656]]), array([[ 1.1095728 ],
       [ 3.63415817],
       [23.68687409]]), array([[ 0.75143084],
       [ 3.81155497],
       [27.82737312]]), array([[ 1.1432999 ],
       [ 3.84105482],
       [29.02798619]]), array([[ 1.43872741],
       [ 3.81605949],
       [29.46198055]]), array([[ 1.27860573],
       [ 3.78924784],
       [28.31662358]]), array([[ 2.46657083],
       [ 3.78528854],
       [23.20633029]]), array([[ 2.89279573],
       [ 3.5629953 ],
       [18.89579027]]), array([[ 2.80157548],
       [ 3.4868534 ],
       [19.28152563]]), array([[ 2.36046777],
       [ 3.70432813],
       [26.01773709]]), array([[ 1.70726577],
       [ 3.83661241],
       [30.17937218]]), array([[ 1.95556607],
       [ 3.82595857],
       [29.93213587]]), array([[ 2.42032316],
       [ 3.84669112],
       [30.36573172]]), array([[ 2.73607714],
       [ 3.88772276],
       [31.86852208]]), array([[ 3.02153636],
       [ 3.92772991],
       [32.5120119 ]]), array([[ 3.25284039],
       [ 3.91608863],
       [32.62234914]])]
rotation vectors:
[array([[0.63174788],
       [0.01708654],
       [3.04734882]]), array([[0.70575432],
       [0.00577752],
       [3.02740181]]), array([[0.3920242 ],
       [0.00885151],
       [3.09024461]]), array([[-1.33019404e-01],
       [ 2.04121291e-03],
       [ 3.12337506e+00]]), array([[-0.61596992],
       [-0.00958927],
       [ 3.07590386]]), array([[ 0.99759024],
       [ 0.02466013],
       [-2.97119014]]), array([[ 1.47541008],
       [ 0.01323191],
       [-2.75374792]]), array([[-0.33404058],
       [-0.01628947],
       [ 3.1173185 ]]), array([[ 0.18957328],
       [-0.01720492],
       [ 3.11598293]]), array([[ 0.19875956],
       [-0.02223278],
       [ 3.11261006]]), array([[ 0.20581073],
       [-0.0106061 ],
       [ 3.11293571]]), array([[0.33862886],
       [0.02954703],
       [3.10065403]]), array([[-0.07025017],
       [ 0.05838869],
       [ 3.12320375]]), array([[-0.0306586 ],
       [-0.05415329],
       [ 3.12257571]]), array([[ 0.06410399],
       [-0.02686132],
       [ 3.12208437]]), array([[ 0.27365147],
       [-0.02128885],
       [ 3.104157  ]]), array([[ 0.1592082 ],
       [-0.01108088],
       [ 3.11587485]]), array([[ 0.03101555],
       [-0.00933555],
       [ 3.12332974]]), array([[-0.13723514],
       [-0.01503125],
       [ 3.12335175]]), array([[-0.34028559],
       [ 0.02362678],
       [ 3.1053238 ]]), array([[-6.53552271e-01],
       [-1.08785154e-03],
       [ 3.06651935e+00]])]
rotation matrixs:
[array([[-0.91717462, -0.02655658,  0.39759963],
       [ 0.03101347, -0.99950753,  0.00478185],
       [ 0.39727683,  0.01671674,  0.91754655]]), array([[-0.89639429, -0.03129871,  0.44215118],
       [ 0.03298609, -0.9994483 , -0.00387402],
       [ 0.4420285 ,  0.01111219,  0.89693217]]), array([[-0.96797646, -0.02563935,  0.24972824],
       [ 0.02706953, -0.99963092,  0.00229362],
       [ 0.24957726,  0.00898019,  0.96831325]]), array([[-9.96260890e-01, -1.54266931e-02, -8.50073844e-02],
       [ 1.53155705e-02, -9.99880790e-01,  1.95924295e-03],
       [-8.50274753e-02,  6.49980532e-04,  9.96378395e-01]]), array([[-0.92287759, -0.00331425, -0.38507918],
       [ 0.00571516, -0.99997071, -0.0050905 ],
       [-0.38505103, -0.0068987 ,  0.9228695 ]]), array([[-0.79736811,  0.01193222, -0.60337527],
       [-0.00191554, -0.99984952, -0.0172414 ],
       [-0.6034902 , -0.01259195,  0.79727098]]), array([[-5.53814989e-01,  1.93989169e-02, -8.32413743e-01],
       [-1.13986156e-02, -9.99811516e-01, -1.57163868e-02],
       [-8.32561727e-01,  7.84393704e-04,  5.53931725e-01]]), array([[-0.97727618, -0.00524202, -0.21190516],
       [ 0.00745629, -0.99992562, -0.00965157],
       [-0.2118388 , -0.01101228,  0.97724258]]), array([[-0.99242945, -0.02043206,  0.12110459],
       [ 0.0190935 , -0.99974323, -0.01220322],
       [ 0.12132283, -0.00979853,  0.99256474]]), array([[-0.99162478, -0.0234238 ,  0.12701035],
       [ 0.02160708, -0.99964384, -0.01566282],
       [ 0.12733199, -0.01278732,  0.99177772]]), array([[-0.99105834, -0.02224184,  0.13156239],
       [ 0.02134484, -0.99973834, -0.00822453],
       [ 0.1317109 , -0.00534281,  0.99127377]]), array([[-0.97618165, -0.02017083,  0.21601511],
       [ 0.02428373, -0.99957054,  0.01640241],
       [ 0.21559149,  0.02125738,  0.97625224]]), array([[-0.99884367, -0.01788545, -0.04462559],
       [ 0.01620497, -0.99915623,  0.03773898],
       [-0.04526291,  0.03697219,  0.9982907 ]]), array([[-0.99963807, -0.01805184, -0.01994625],
       [ 0.01873262, -0.99922955, -0.03448773],
       [-0.01930831, -0.03484889,  0.99920606]]), array([[-0.99898184, -0.01908209,  0.04087979],
       [ 0.01837588, -0.99967655, -0.01758182],
       [ 0.04120206, -0.01681272,  0.99900937]]), array([[-0.98425929, -0.0264227 ,  0.17474405],
       [ 0.02402347, -0.99958604, -0.01583134],
       [ 0.17509002, -0.01138418,  0.98448661]]), array([[-0.99455871, -0.02196576,  0.10183551],
       [ 0.02124091, -0.99974078, -0.00819693],
       [ 0.10198916, -0.00598925,  0.99476748]]), array([[-0.99963911, -0.01815236,  0.01980272],
       [ 0.01803366, -0.99981843, -0.00615648],
       [ 0.01991088, -0.00579715,  0.99978495]]), array([[-0.9960312 , -0.01475381, -0.08777346],
       [ 0.01559793, -0.99983839, -0.00893895],
       [-0.08762739, -0.01027256,  0.99610035]]), array([[-0.9761173 , -0.01913208, -0.21640005],
       [ 0.0158371 , -0.9997309 ,  0.01695036],
       [-0.21666611,  0.01311839,  0.97615762]]), array([[-9.13084074e-01, -5.92138520e-03, -4.07728354e-01],
       [ 6.21066795e-03, -9.99980525e-01,  6.14153715e-04],
       [-4.07724050e-01, -1.97149144e-03,  9.13103068e-01]])]
distortion coefficient:
[[-0.07668074  0.24279873 -0.00240399  0.0004443  -0.37936097]]